1 73.1305 46.9179 11.751 25.9521 66.4424 74.0479 82.0804
2 77.7346 51.5165 12.1491 36.5839 57.0333 63.4161 67.5846
3 85.5105 59.2551 12.1575 43.7539 49.1078 56.2461 66.7953
4 86.4581 60.2221 12.2519 35.2731 52.459 64.7269 81.6314
5 79.1482 52.8784 11.8404 25.7276 54.2076 74.2495 86.7442
6 79.0737 52.8171 11.7345 26.4233 57.8799 73.5767 86.1056
7 82.5896 56.3253 12.0878 30.1145 59.87 69.8855 82.9269
8 81.122 54.8619 12.0539 30.3008 61.6573 69.6992 74.0024
9 86.6066 60.3409 12.3984 39.9194 52.7447 60.0806 69.6803
10 80.1664 53.903 11.9633 30.4052 59.8173 69.5948 82.778
11 77.7433 51.4778 11.7737 25.7328 63.2351 74.2672 86.68
12 77.961 51.6732 11.7834 25.8323 64.8317 74.1448 80.3629
13 79.1693 52.9082 11.7582 25.9648 59.2663 74.0352 84.5908
14 78.4925 52.206 11.7817 25.7945 60.5448 74.2055 85.9368
15 77.977 51.696 11.7771 26.3467 61.8753 73.6533 86.9896
16 79.1815 52.9093 11.8061 28.0979 57.9373 71.9021 83.9811
17 80.0603 53.788 13.6296 35.4128 58.117 64.5872 77.5555
18 83.2951 57.0213 12.4805 36.4903 56.722 63.5097 71.278
19 76.6006 50.306 12.2943 30.4052 63.0266 69.5948 70.7656
20 82.9495 56.6643 12.3084 32.5301 60.3262 67.4699 72.8345
21 79.9135 53.6347 11.7583 25.7735 63.7339 74.2035 81.4043
22 90.7601 64.5045 12.2784 35.5638 48.4516 64.4362 72.4762
23 83.3302 57.0651 12.2421 32.2279 56.7015 67.7721 79.4988
24 80.2886 54.0148 11.9307 30.2607 57.8907 69.7393 72.0051
25 74.7083 48.4353 11.9263 26.7265 66.4788 73.2735 70.5131
26 74.6582 48.4106 11.867 30.8194 61.4083 69.1806 70.9988
27 80.5864 54.3305 12.1841 41.7825 50.2597 58.1999 67.5437
28 78.5982 52.3351 11.7985 34.9068 56.7613 65.0932 71.17
29 90.6209 64.3421 12.5308 39.8571 50.1966 60.1429 75.6221
30 80.6458 54.3939 11.9952 31.0238 60.4241 68.9762 71.877
31 84.679 58.4122 12.2503 36.2373 56.7917 63.7627 68.9718
32 76.044 49.77 12.07 33.22 60.3533 66.78 71.3779
33 92.7923 66.5279 12.5736 47.077 41.8882 52.923 69.8557
34 76.3702 50.0879 11.7764 26.5161 66.4617 73.4839 74.6616
35 77.0805 50.7933 11.7408 26.7159 58.1233 73.2841 85.381
36 84.1218 57.858 12.0529 34.9266 56.2934 65.0734 71.1846
37 86.0269 59.7401 12.3364 33.882 58.9876 66.0975 73.6099
38 80.7407 54.482 11.8143 28.4172 61.5343 71.5828 71.208
39 71.9064 45.6054 12.0032 27.7487 65.7605 72.2513 72.2508
40 78.5322 52.2493 11.8115 32.2301 61.0216 67.7699 68.5835
41 77.0247 50.7412 11.7453 26.6975 66.2576 73.3025 74.7982
42 76.9945 50.7131 11.7764 25.7671 65.3503 74.2329 74.867
43 77.7494 51.4581 11.9522 30.8531 56.5326 69.1469 71.7287
44 77.6536 51.3766 11.8309 29.7088 61.8395 70.2694 75.6953
45 85.8563 59.5682 12.1022 36.6998 51.204 63.3002 73.3467
46 76.0355 49.7439 11.8852 28.916 56.1877 71.0628 72.8429
47 73.5486 47.2656 11.7593 29.9065 59.7183 70.0935 74.5719
48 80.3715 54.087 11.9523 39.1918 54.2256 60.8082 66.4927
49 91.1602 64.8566 12.5209 44.903 48.4236 55.08 65.5556
50 86.84 60.5417 12.3557 39.7341 53.2894 60.2659 66.285
51 85.2257 58.9384 12.624 39.2659 54.0427 60.7341 64.3459
52 78.8007 52.4672 11.8335 25.3027 57.7308 74.6973 79.3305
53 87.1165 60.7909 11.9436 34.0569 40.2191 65.923 80.4797
54 84.1076 57.7864 11.9852 28.1634 41.7046 71.8366 82.7507
55 81.2454 54.9093 11.8491 27.8367 50.3928 72.1633 81.8478
56 89.4876 63.1835 12.575 44.243 49.3983 55.7402 62.1862
57 86.4364 60.1372 12.8571 35.6635 57.4118 64.3365 70.89
58 79.2121 52.8962 12.2763 26.5234 66.3154 73.4766 76.5523
59 77.0077 50.7114 11.8053 25.0461 67.7996 74.9309 75.3987
60 78.0266 51.7167 11.7447 25.3345 67.3393 74.6655 75.6443
61 80.8606 54.554 12.3999 32.6941 60.5808 67.3059 68.9829
62 86.148 59.8424 12.3551 40.5916 50.4952 59.3902 68.7039
63 80.7185 54.3969 11.8549 31.1878 54.676 68.8122 80.9712
64 78.2927 51.9942 12.2829 36.2654 56.657 63.7346 62.7454
65 82.9605 56.6519 12.5113 35.9181 57.448 64.0819 66.6596
66 87.517 61.1981 12.2593 45.9944 48.0723 54.0056 60.9098
67 84.6098 58.2917 12.5019 31.5366 58.6483 68.4634 78.595
68 84.7398 58.4265 12.1105 36.7429 55.5478 63.2571 69.8639
69 83.9592 57.654 12.3251 34.0649 59.3449 65.9351 69.0127
70 79.6517 53.35 12.3982 33.3333 60.1324 66.6463 69.7218
71 83.7661 57.4625 12.1271 33.5088 59.8684 66.4912 72.1178
72 80.0338 53.7317 12.3622 33.1379 47.287 66.8621 81.3054
73 86.5994 60.2954 12.3865 39.8454 50.7863 60.1546 70.8392
74 78.0754 51.7697 12.3695 25.3027 61.7685 74.6973 85.7057
75 77.4575 51.1577 11.7378 25.4316 60.0836 74.5684 85.7268
76 78.4046 52.0952 11.937 33.745 58.5226 66.255 69.7517
77 88.7193 62.4203 12.565 42.5107 51.0932 57.4716 66.0984
78 82.9679 56.6639 12.2753 35.461 58.0959 64.539 70.0974
79 76.1608 49.8492 11.9192 40.9483 52.9682 59.0517 62.0291
80 83.3535 57.0484 12.191 48.4504 46.0609 51.5496 56.9362
81 86.4502 60.1485 12.4288 34.8499 56.9899 65.1501 69.7471
82 80.2561 53.9561 13.0379 31.9281 56.4127 68.0508 76.2064
83 84.3824 58.0752 12.8423 38.2682 54.8491 61.7318 68.8769
84 79.5092 53.21 12.1829 35.7651 56.9788 64.2349 67.1812
85 87.0624 60.7578 13.1536 39.3234 54.4684 60.6766 65.6214
86 89.247 62.9784 13.3331 39.6584 53.6827 60.3416 67.9718
87 81.9927 55.6846 13.046 33.9015 59.6165 66.0781 67.8692
88 82.8241 56.5043 13.1047 32.797 60.4295 67.203 72.6987
89 86.1034 59.8062 13.1687 35.5438 57.7528 64.4562 68.351
90 91.1366 64.8514 13.1861 39.5981 54.2864 60.4019 69.2913
91 76.7575 50.469 12.8505 28.1756 64.9564 71.8244 69.359
92 85.7911 59.4834 13.3536 41.3238 52.4861 58.6762 61.5568
93 79.1216 52.8221 13.0203 33.4784 59.7109 66.5216 63.5792
94 87.8655 61.5697 13.3065 48.6244 45.7426 51.3756 56.825
95 88.1327 61.8196 12.856 37.0898 56.2577 62.8907 66.5118
96 76.5995 50.3084 12.4762 36.6967 57.0937 63.3033 61.53
97 84.7285 58.4405 12.1349 43.2232 50.9226 56.7768 62.375
98 85.5669 59.2517 13.1085 36.0257 57.2145 63.9564 69.1869
99 86.2754 59.9901 13.1511 36.4564 56.9649 63.5436 68.0975
100 85.9603 59.649 13.1071 36.3692 56.1959 63.6111 70.2908
101 85.1914 58.8987 13.1016 37.0256 54.1589 62.9744 68.6871
102 85.2711 58.9743 13.0496 33.696 55.5539 66.304 79.4353
103 79.9293 53.6363 12.4694 35.4769 58.1046 64.5231 61.6668
104 95.0998 68.7893 12.8117 44.2349 49.2716 55.7651 67.8705
105 79.6725 53.3838 13.0237 31.2249 61.9516 68.7751 69.5309
106 88.8521 62.5504 13.357 46.5325 47.4746 53.4675 61.3685
107 89.0824 62.7766 13.2413 42.1362 51.3842 57.8638 65.6327
108 97.4002 71.1051 13.3944 44.8853 48.6998 55.1147 69.4067
109 79.9974 53.6898 12.9328 27.7761 65.4159 72.2016 73.5415
110 85.4303 59.1264 13.1988 41.309 52.667 58.691 61.3135
111 84.4245 58.1202 13.1317 36.7057 57.0219 63.2943 66.2812
112 79.2956 53.0073 13.161 37.7122 56.189 62.2692 60.8627
113 81.4025 55.1004 13.0352 37.8213 55.9295 62.1787 65.3008
114 76.7517 50.4507 12.7906 29.4891 63.8217 70.5109 69.6039
115 81.5586 55.2571 12.075 42.8264 51.3892 57.156 61.1626
116 83.8149 57.5139 13.0119 31.3567 61.9012 68.6433 73.1643
117 78.2544 51.9629 11.736 28.4873 60.6976 71.5127 79.7974
118 90.7956 64.4963 13.2355 43.454 49.29 56.546 66.0465
119 79.955 53.6576 13.0428 31.5626 61.6484 68.4374 66.82
120 84.0691 57.7664 12.5987 33.4572 59.8231 66.5428 71.0336
121 81.4345 55.135 12.0799 35.2322 56.2191 64.7678 66.6641
122 78.161 51.8598 12.2963 35.8071 58.2948 64.1929 59.8165
123 76.564 50.2614 11.6827 28.0875 65.4995 71.9125 75.1936
124 78.1372 51.8356 11.8331 31.3996 61.9811 68.5793 69.5095
125 82.0107 55.7188 11.9915 40.0062 53.0892 59.9938 60.3014
126 76.2983 49.9937 11.7958 34.5009 57.5335 65.4991 65.7371
127 73.9573 47.655 11.8174 31.2558 61.994 68.7442 67.2394
128 73.376 47.0762 11.8099 30.8928 62.0683 69.1072 69.6441
129 84.6265 58.3161 12.1864 40.8645 52.9632 59.1355 61.997
130 84.698 58.4075 12.1401 38.4521 55.5316 61.5479 62.3062
131 84.9218 58.6148 12.1219 36.9693 56.6335 63.0307 64.389
132 82.7654 56.4676 12.1681 46.1396 40.1474 53.8438 61.8176
133 90.6996 64.3937 13.1375 36.4848 51.299 63.5152 77.5917
134 80.2951 54.0071 12.3649 32.7485 55.5651 67.2515 68.7218
135 75.2381 48.9432 13.174 27.2418 64.2343 72.7582 79.9657
136 85.1378 58.8463 12.8495 41.0367 52.537 58.9633 64.6506
137 81.8986 55.5942 12.1738 36.834 56.8763 63.166 66.5823
138 82.254 55.9495 12.4365 38.4758 55.2779 61.5242 61.9616
139 80.6413 54.3414 11.8918 33.0164 60.5671 66.9643 71.0316
140 85.378 59.0934 13.0552 37.5963 56.1189 62.4037 64.6036
141 84.5636 58.2599 12.5981 33.7658 50.7939 66.2342 78.1575
142 88.3201 62.0212 12.6588 39.0402 53.8335 60.9598 66.9896
143 86.4734 60.1917 13.1577 41.1987 52.7855 58.7842 62.2194
144 77.7378 51.4349 13.0298 32.8349 60.5222 67.1651 68.1716
145 82.7135 56.4131 13.0798 36.3412 57.3492 63.6392 64.5716
146 89.975 63.6774 13.0948 43.1342 50.7379 56.8658 66.7034
147 84.3166 58.0178 13.0832 34.5988 57.5781 65.4012 71.8853
148 87.3603 61.0506 13.1944 36.6398 54.2673 63.3602 75.4973
149 78.6746 52.3592 12.9279 30.8147 62.4866 69.1853 67.9025
150 81.0177 54.7349 13.097 35.136 57.0483 64.864 86.562
151 92.7479 66.4006 12.7245 48.5913 42.8012 51.3931 63.5375
152 81.3963 55.1102 13.0508 31.9419 58.8112 68.0581 75.6761
153 75.8401 49.5396 12.6224 28.7392 64.2496 71.2608 70.2517
154 82.8085 56.5018 12.2014 38.0421 55.5729 61.9579 66.9821
155 80.4783 54.1716 11.8531 30.6667 58.7402 69.3333 79.6486
156 75.3088 49.0153 11.9114 25.5115 67.6284 74.4885 73.3786
157 82.4219 56.1308 12.1832 43.1713 51.0196 56.8287 62.032
158 82.4233 56.1131 12.6777 31.7803 61.5761 68.2197 70.0287
159 81.8102 55.5083 12.1989 36.3834 57.078 63.6166 62.1268
160 80.7599 54.4626 12.0825 30 59.2483 69.9783 94.3428
161 85.9011 59.6033 13.1125 33.6434 59.6568 66.3566 72.6442
162 85.4317 59.1215 13.1734 36.724 54.2206 63.276 74.4968
163 89.1232 62.8244 12.2178 41.8506 48.8513 58.1494 72.6651
164 73.4595 47.1643 12.1709 36.1532 57.7111 63.8279 62.4915
165 74.837 48.5354 11.9078 35.9585 57.4238 64.022 66.1254
166 90.8878 64.591 12.4376 45.7668 48.1575 54.2332 64.0887
167 81.3128 55.0029 12.9988 28.1463 64.5648 71.8314 77.1849
168 85.7651 59.471 13.0416 32.71 58.4207 67.29 71.5194
169 80.5478 54.2524 12.982 27.8698 65.2225 72.1302 73.8154
170 76.7305 50.4159 12.9187 28.7164 61.9736 71.2623 74.9793
171 80.4618 54.1544 12.8671 30.6951 62.4673 69.3049 74.8766
172 80.3059 54.0297 12.1547 32.7421 58.0239 67.22 67.8947
173 83.857 57.5714 12.673 33.763 57.5071 66.237 74.1961
174 81.4533 55.1704 13.1466 33.1883 59.1564 66.8117 69.6686
175 79.2896 52.9849 12.9501 28.3364 64.4579 71.6636 73.9945
176 85.1482 58.8521 13.2469 33.839 57.7857 66.161 71.3867
177 78.3745 52.0728 12.8647 32.062 61.1685 67.938 70.2868
178 73.8417 47.5389 11.7487 30.3162 63.149 69.6622 67.5186
179 87.5525 61.2661 12.4453 41.2782 51.4855 58.7218 65.3484
180 92.9379 66.6327 13.3441 42.05 50.0446 57.95 68.6655
181 79.7136 53.4147 12.9449 33.8481 59.5978 66.1519 66.8258
182 78.4352 52.1464 12.8587 28.1607 64.476 71.8393 76.1535
183 80.5942 54.3049 13.0108 32.7687 60.5124 67.2313 72.6391
184 79.2428 52.9386 12.5463 33.5283 57.4554 66.4512 73.3379
185 82.0864 55.7984 11.7848 34.3316 59.453 65.6684 70.9214
186 80.119 53.8291 12.2295 34.0031 59.5243 65.9969 67.2693
187 95.9783 69.6821 13.1895 45.5618 48.0448 54.4382 66.6943
188 72.4242 46.1114 12.9371 28.62 64.9147 71.38 68.442
189 84.7222 58.4153 13.1652 40.7842 52.5602 59.2158 67.3832
190 86.2833 59.9906 13.2857 38.5281 52.0217 61.4719 70.3101
191 87.7704 61.4707 13.1983 40.9175 50.7512 59.0825 69.8034
192 87.3016 61.0084 13.2728 39.6098 53.8043 60.3902 65.1426
193 84.571 58.2695 13.1677 37.7771 55.1295 62.2038 68.4148
194 83.9634 57.6723 13.0809 37.9641 55.6112 62.0359 64.6842
195 81.2536 54.9499 13.0842 32.981 60.3034 67.019 67.6741
196 79.4129 53.1222 13.1295 34.1827 59.1589 65.8173 68.6576
197 80.9611 54.6487 12.3747 40.2473 53.5676 59.7527 66.0523
198 83.8819 57.5918 12.1313 35.267 58.3075 64.733 68.2626
199 78.8816 52.5795 12.4569 31.2287 62.0691 68.7713 70.3709
200 83.6775 57.3643 12.8603 34.6586 54.7764 65.3414 75.5382
201 82.9776 56.6745 12.4095 32.2181 54.3569 67.7819 79.7615
202 85.6827 59.3723 12.8248 39.1129 54.5553 60.8871 66.2525
203 81.4244 55.1304 12.466 36.1378 57.4006 63.8622 66.9226
204 87.4219 61.1224 12.8931 38.6237 54.8725 61.3763 67.5759
205 77.2322 50.9237 11.745 25.8493 67.0713 74.1507 75.4086
206 99.7971 73.5077 13.2413 46.433 47.2787 53.567 70.8931
207 75.244 48.9443 13.1383 40.9161 52.9519 59.0656 56.4268
208 82.2942 55.9923 13.0584 33.9109 59.7894 66.0891 68.5205
209 81.487 55.1833 13.2608 40.7259 53.2757 59.2741 61.6656
210 83.7365 57.4454 13.1621 41.2038 48.816 58.7962 66.4655
211 84.2326 57.9341 13.0813 32.2737 59.071 67.7058 74.9779
212 92.5518 66.2404 13.0019 40.8106 52.8049 59.1894 66.4083
213 91.1656 64.8791 13.2657 43.1342 50.5519 56.8658 63.5757
214 82.106 55.7851 12.9866 31.7391 61.3976 68.2397 68.7235
215 77.7974 51.502 13.0308 33.0535 60.3647 66.9465 65.9759
216 91.7903 65.4935 13.3398 43.9492 49.8511 56.0508 67.2355
217 79.9951 53.7118 13.0828 36.6066 57.197 63.3934 63.2676
218 89.7841 63.4692 13.3256 43.4142 50.0921 56.5858 64.3178
219 84.2055 57.909 13.1334 35.3032 56.4388 64.6968 66.5176
220 86.5746 60.2554 13.1415 39.1615 50.0975 60.8385 73.3281
221 82.2419 55.9388 13.1061 41.1235 49.4669 58.8582 68.0093
222 88.477 62.1634 13.1067 36.5271 56.6275 63.4729 67.9695
223 83.337 57.0386 13.1435 37.9684 55.778 62.0316 62.8185
224 78.8572 52.5463 13.0072 33.3024 60.1187 66.6976 65.2701
225 88.1684 61.859 13.1852 38.1616 55.7023 61.8384 67.6
226 83.1782 56.8471 13.1485 37.1243 56.4059 62.8757 67.9151
227 85.0584 58.7566 13.1581 41.4943 52.4513 58.5057 62.3435
228 86.3797 60.0768 13.1379 36.3693 56.8873 63.6307 68.6049
229 80.0505 53.7463 12.9176 25.0855 55.1959 74.9145 77.584
230 85.0392 58.7339 13.2182 40.7821 51.8518 59.2179 64.3941
231 82.2895 55.9873 12.6385 34.6381 56.7999 65.3416 70.4128
232 82.5777 56.267 12.33 41.9585 51.5561 58.0415 62.9179
233 90.1741 63.8561 12.529 42.9014 50.2343 57.0986 61.8246
234 86.0318 59.7288 13.1051 37.6978 55.7281 62.3022 67.2475
235 90.2398 63.9318 13.3092 43.7825 49.8136 56.2175 65.5189
236 87.7828 61.479 13.2533 40.1487 53.4404 59.8513 65.3861
237 71.9617 45.6588 12.9147 34.765 58.7078 65.235 61.9939
238 82.8665 56.5756 13.0866 36.1352 57.6591 63.8648 66.8299
239 83.0159 56.7013 13.0938 34.0663 59.4735 65.9133 66.4195
240 82.9537 56.6435 12.3055 34.8564 57.2144 65.1436 69.5101
241 81.4105 55.1105 11.8982 29.3869 63.5557 70.5918 74.3365
242 83.9615 57.6619 11.9907 34.7921 54.0421 65.2079 72.2626
243 70.3016 43.9928 11.4951 28.4963 61.9677 71.5037 67.2645
244 83.3844 57.0943 12.216 38.9558 53.6768 61.0442 64.8184
245 76.4855 50.1869 12.0267 32.1175 57.8104 67.8825 68.6466
246 84.4101 58.1156 12.8593 46.7993 45.8747 53.2007 62.7107
247 77.5058 51.2031 11.9677 33.1483 60.3538 66.8517 63.2395
248 84.2749 57.9914 12.3867 36.9704 55.3124 62.815 67.9943
249 80.4248 54.1303 12.9287 25.8359 53.0002 74.1353 77.4505
250 77.5355 51.2512 12.5477 30.2478 55.6103 69.6953 69.861
251 79.5656 53.2812 13.0522 31.4458 57.77 68.5235 78.4248
252 77.313 51.0168 12.9597 28.4051 60.7641 71.5949 80.55
253 83.6055 57.3295 12.752 40.4328 53.5317 59.5672 60.327
254 71.0814 44.8006 13.1455 34.8765 58.7723 65.1034 60.7661
255 81.6536 55.3674 13.1524 37.4033 56.1769 62.3612 63.9958
256 79.6888 53.3946 12.9183 31.7505 60.5075 68.2284 70.4459
257 76.9194 50.6169 12.9822 32.0421 56.4891 67.9579 70.7957
258 75.409 49.1267 12.873 27.4698 65.5785 72.5302 75.9149
259 84.4897 58.1892 13.0664 35.3651 52.2112 64.6349 71.3252
260 86.2249 59.9282 13.3221 42.9006 49.5285 56.8998 65.0073
261 78.1625 51.8844 12.9505 34.1615 58.1746 65.8014 68.4418
262 84.469 58.1799 12.0776 38.4338 55.2009 61.3745 64.1891
263 81.5415 55.26 11.9776 35.1872 57.6304 64.7777 64.9857
264 78.0868 51.8016 11.8299 30.5069 62.758 69.4602 70.0462
265 72.5175 46.5449 11.8852 32.8334 60.1402 66.852 56.9971
266 74.3476 48.8567 11.8596 37.0402 57.1201 62.7035 55.4211
267 77.7507 51.4526 11.8381 30.8188 61.2495 69.1812 71.7549
268 88.573 62.2943 12.2762 36.8974 55.3518 63.1026 68.0197
269 30.3158 10.2358 8.60052 3.06733 94.7829 94.5247 14.1034
270 60.2688 37.0354 10.8232 22.5389 72.1823 76.7764 48.098
271 76.5607 50.2919 11.9158 30.3268 62.642 69.6168 68.71
272 77.392 51.4528 12.1118 34.63 57.1306 65.1672 61.0457
273 80.6457 54.3618 12.1175 38.2317 52.8574 61.7683 62.7358
274 84.6866 58.4098 12.0909 38.6537 52.079 61.3282 68.1167
275 72.6107 46.327 11.8567 34.2676 59.0367 65.6755 58.0578
276 60.2636 34.7872 11.3751 18.2097 75.3464 81.1189 47.153
277 78.1563 51.881 11.7569 29.3974 62.5733 70.5811 71.4352
278 82.9092 56.6276 11.9842 34.4923 58.4219 65.5077 70.3943
279 62.8345 37.9088 11.4884 22.3746 71.4503 77.1685 47.5322
280 70.2678 44.0218 11.8089 33.8973 59.4809 66.0458 57.5662
281 83.3255 57.0462 12.0134 42.5358 50.5921 57.4319 58.6638
282 86.9597 60.6815 12.1233 41.39 51.2475 58.61 63.9744
283 48.682 26.221 10.3276 16.3993 79.1743 82.4365 32.0255
284 36.9473 16.5914 8.90244 10.2068 87.9946 87.7253 17.8612
285 76.9798 50.7133 11.8892 31.0037 58.7679 68.9751 78.719
286 78.3343 52.0505 11.8833 28.9868 64.3094 71.0132 71.4403
287 72.9498 46.6735 12.0157 27.3802 65.3319 72.4395 65.9356
288 83.4009 57.0976 12.1512 40.8577 52.9815 59.1247 61.8732
289 78.765 52.4945 11.978 37.963 55.9895 62.0083 57.5262
290 35.0295 13.8611 9.00883 3.74492 93.9926 94.6171 14.9654
291 35.0842 15.1441 8.80991 7.77024 90.5954 90.1094 18.622
292 75.6445 49.3565 11.7042 25.2864 65.7068 74.6922 77.9917
293 70.358 44.0704 12.6411 27.7567 64.4263 72.0957 77.0491
294 72.4755 46.2303 12.6068 29.3212 62.7303 70.5179 72.7225
295 81.1149 54.8761 12.5794 36.5748 56.2308 63.4252 66.6827
296 74.6731 48.43 11.9632 33.5186 60.4784 66.4076 61.3274
297 67.2981 41.4041 11.9199 29.4692 64.0438 70.3591 53.019
298 75.9688 49.7259 13.49 34.8332 58.7916 65.1668 70.0299
299 72.7354 46.4831 13.2283 40.155 54.388 59.845 53.9119
300 85.9632 59.7162 13.4355 46.408 47.3649 53.5758 61.2927
301 58.0757 34.6891 11.4945 22.6217 72.9276 77.3569 44.418
302 57.6021 34.1071 11.0574 28.4375 67.6567 70.8832 40.5687
303 79.7813 53.5248 11.9117 38.4812 54.3989 61.4666 62.5983
304 79.8499 53.5868 11.937 34.2424 59.2274 65.7576 64.1714
305 66.6606 41.7118 10.9889 24.0113 70.7553 75.8601 48.8388
306 69.0244 42.7595 11.8612 24.8509 68.7198 74.8246 60.924
307 69.1357 42.874 11.8995 31.4328 62.2571 68.547 69.3841
308 73.1838 46.9144 11.9917 38.7737 54.6791 61.2086 60.5599
309 78.5032 52.2176 12.2699 37.0958 55.3809 62.5298 54.6816
310 78.5017 52.2233 11.9622 33.9632 59.5443 66.0368 63.4806
311 75.8099 49.5473 12.0124 37.0543 56.6338 62.9457 59.8992
312 73.1252 46.8566 11.9931 37.1445 57.0008 62.8198 59.2999
313 54.4767 30.0076 10.8365 19.6744 74.8592 79.1033 35.2215
314 71.2521 46.0265 11.6097 32.7662 61.7998 66.9576 56.1541
315 79.7468 53.4686 11.952 38.232 54.5528 61.7338 66.0905
316 72.9958 47.1295 11.7264 30.3034 63.8433 69.5498 56.4838
317 37.5 17.76 9.26342 10.1987 87.7513 87.9176 23.6304
318 79.1821 52.9064 12.0152 30.3557 63.1484 69.6065 70.0417
319 78.4547 52.172 12.1027 35.6996 56.58 64.2627 62.8658
320 66.2034 39.9448 11.5091 24.8127 65.9418 74.7394 51.0363
321 78.8485 52.5619 12.0774 33.8209 59.3022 66.1404 64.3985
322 76.2194 49.9375 11.9838 33.3573 60.2128 66.6107 67.1874
323 77.7065 51.4369 12.2802 38.1792 55.9565 61.7856 60.6685
324 67.5668 41.4733 12.7269 20.7685 72.5198 78.8228 67.4145
325 75.6396 49.4038 13.0729 39.0459 51.1959 60.9541 63.1565
326 78.9924 52.7415 13.0941 37.0883 56.1144 62.9117 63.465
327 74.2493 47.9933 12.6419 31.3383 62.8187 68.6204 60.2667
328 71.5787 45.3404 11.925 30.5665 62.1365 69.2394 60.7707
329 85.9475 59.6777 12.1198 40.0924 51.5587 59.9076 65.2034
330 70.1055 43.8652 11.8248 34.3675 59.3003 65.6128 59.0889
331 76.2037 49.9334 11.9217 44.1313 50.0162 55.8687 55.4511
332 69.1895 43.2703 11.7474 27.4058 66.3829 72.2343 54.2512
333 74.297 48.0404 11.6945 31.9654 61.6832 68.0346 65.5952
334 66.485 42.2063 11.6916 30.9683 64.0338 68.7829 54.769
335 52.376 30.4917 10.255 20.8626 75.9946 77.9901 36.0464
336 77.1014 50.8511 11.9754 35.9833 57.8286 63.9785 59.8522
337 76.7978 50.5393 12.2375 38.3819 55.5887 61.5678 60.8733
338 69.6713 44.112 11.7054 30.5103 63.8029 69.36 56.51
339 69.4377 43.3583 11.9588 33.9388 60.0788 65.7202 51.3898
340 78.2162 51.9513 12.4771 31.7209 61.8754 68.2791 66.8234
341 77.9954 51.7516 13.1149 35.9029 58.0107 64.0971 60.9564
342 73.8307 47.5892 12.1976 40.2477 53.0108 59.7523 58.4449
343 80.5908 54.3477 12.3682 31.9156 57.2128 67.8947 69.1482
344 85.1356 58.8813 12.3096 39.6094 50.5413 60.3722 103.776
345 83.4176 57.1501 12.343 44.041 48.8774 55.959 63.6405
346 79.1162 52.8516 12.0746 40.798 53.3182 59.202 59.3843
347 75.1912 48.9344 12.0262 27.3226 65.9638 72.5008 62.0938
348 83.9085 57.6437 12.1085 36.5134 57.3726 63.4866 67.0726
349 79.2405 52.9928 11.9974 34.3692 59.4021 65.6308 66.1709
350 81.7036 55.4305 12.0898 38.6747 54.69 61.2903 65.0559
351 66.8657 40.9475 11.7008 20.5764 73.7657 79.1049 62.5493
352 81.5774 55.3131 11.902 35.6417 55.4428 64.3583 72.6817
353 76.6664 50.3834 11.8043 28.6857 61.4601 71.3143 77.5882
354 68.5868 42.5972 11.7736 22.775 67.7171 77.0108 69.3477
355 73.106 46.828 11.841 30.0773 63.5436 69.9227 65.774
356 79.9755 53.6911 12.0148 37.984 55.4358 62.016 65.6788
357 75.5303 49.2698 11.8878 32.1836 61.3072 67.7961 62.1896
358 74.9328 49.036 12.2144 32.5546 62.0969 67.2414 57.9972
359 74.4614 48.197 11.8212 31.8098 61.9995 68.1902 64.877
360 69.7062 43.4227 11.7916 32.6636 60.2151 67.3364 67.8435
361 84.5238 58.251 12.1173 39.4331 54.3767 60.5482 62.2787
362 72.2858 46.0034 11.9492 25.4775 63.8919 74.385 72.8531
363 88.213 61.9352 12.1559 48.2099 45.6112 51.7901 56.9474
364 75.7318 49.437 11.7752 33.1813 60.6547 66.8187 62.2331
365 79.7304 53.4558 11.9656 35.7476 57.341 64.2324 61.4807
366 68.6878 42.5722 11.7683 20.0807 73.9004 79.672 58.7246
367 76.2087 49.9085 11.8122 31.2998 62.5143 68.7002 59.8616
368 74.4801 48.198 11.7262 22.8257 69.3581 77.1743 69.31
369 79.7485 53.4614 11.9141 37.9405 55.177 62.0595 59.5924
370 73.1154 46.825 11.8011 28.147 65.1653 71.6555 59.2004
371 79.7164 53.421 11.9821 34.1158 58.1597 65.8842 64.3222
372 75.9887 49.7124 11.8516 33.5721 57.6825 66.4279 63.7149
373 71.0516 44.7634 11.8893 32.5509 60.772 67.4491 61.2438
374 80.8168 54.7647 12.068 36.9231 57.6588 62.8256 57.2013
375 74.3517 48.064 11.7349 21.2591 69.979 78.7409 68.7445
376 89.6542 63.3725 12.1916 43.0836 50.6655 56.9164 61.3016
377 75.458 49.1748 11.9926 37.1153 57.0228 62.8847 56.1079
378 70.5048 44.3223 12.0006 22.0901 67.3901 77.7396 69.6558
379 79.4848 53.1866 12.0235 36.2984 55.2136 63.6817 66.5381
380 81.0752 54.7906 11.9212 35.048 58.3965 64.952 62.4374
381 77.7762 51.4894 11.9856 35.8414 57.0587 64.1586 58.7012
382 70.8582 44.5697 11.8988 28.6694 63.5579 71.1754 61.9308
383 69.178 42.8737 11.7825 27.454 66.1089 72.546 61.5547
384 77.8298 51.5256 11.9354 37.1508 56.5583 62.8492 61.0715
385 81.942 55.6541 12.0121 36.4941 56.5993 63.5059 60.3018
386 74.0695 47.8356 12.4017 30.0031 64.2749 69.8462 61.3755
387 72.1505 45.8799 12.0626 33.4309 60.9367 66.5691 54.5707
388 78.229 51.9736 12.1031 36.9048 57.3014 63.076 59.3036
389 78.6057 52.3449 12.9365 32.6624 61.175 67.3376 65.908
390 68.3741 42.256 11.38 21.5656 70.9771 78.1202 53.929
391 72.1446 45.898 11.9327 31.0864 62.9662 68.8929 60.1269
392 74.4628 48.2245 11.916 28.422 65.1296 71.578 71.219
393 74.8434 48.5854 12.7918 28.7865 64.2846 71.2135 64.8135
394 73.4989 47.2109 13.1059 29.6434 63.3694 70.1391 64.9063
395 83.0139 56.7317 12.2824 34.4647 59.17 65.5353 65.623
396 72.0064 45.728 11.7001 25.2451 66.3753 74.732 76.7126
397 89.9947 63.7356 12.3316 48.9013 42.999 51.0987 62.5453
398 66.3811 40.0633 11.663 22.1148 70.6971 77.5466 68.9973
399 78.1167 51.842 12.5087 39.3667 54.6142 60.6333 59.4686
400 75.0048 48.7487 11.9374 34.6769 59.8885 65.3231 59.0386
401 89.6829 63.4043 12.2264 46.2515 47.1293 53.7485 64.1267
402 77.6782 51.7762 11.975 32.5008 55.24 67.3746 70.5555
403 77.3191 51.4387 12.0191 36.3023 57.7743 63.537 61.5125
404 77.3575 51.0821 11.9035 33.6316 58.9476 66.3684 64.2258
405 76.311 50.0354 11.8476 36.1377 57.5179 63.8623 62.1349
406 69.9484 43.6491 11.7922 27.8293 65.63 72.1484 62.0312
407 70.744 44.4605 11.8773 29.8056 63.2203 69.9612 64.6867
408 84.2178 57.9546 12.0146 43.4701 50.7011 56.5299 62.32
409 81.8207 55.5348 12.0348 36.6784 57.1643 63.3216 63.6737
410 66.6 40.8385 11.7169 21.6661 72.5844 78.0669 63.0279
411 77.4673 51.1871 11.8995 37.0071 55.9944 62.9929 62.0819
412 74.0038 47.7214 11.6827 23.6133 65.5269 76.3867 82.4449
413 72.9956 46.701 11.7022 25.4568 59.8075 74.5432 83.8054
414 75.8391 49.5638 11.9703 30.9413 58.228 68.9089 70.6747
415 79.5079 53.2396 11.8448 40.0435 53.6038 59.9565 59.1956
416 76.9262 50.6193 11.7641 35.7011 58.6099 64.2989 59.5463
417 77.0999 50.8136 11.8519 31.6764 62.3272 68.3236 67.2723
418 66.0322 41.2125 11.6863 34.2244 61.051 65.3692 43.9283
419 75.5193 49.2389 11.8851 32.1771 61.3608 67.8229 63.0418
420 73.7292 47.4282 11.8311 32.0403 61.9783 67.9597 65.6183
421 79.1773 52.889 11.8719 36.1893 55.6266 63.8107 67.3841
422 68.1656 42.1223 11.8524 21.2112 72.643 78.5714 64.2209
423 77.7161 51.4347 11.8474 32.3739 61.0982 67.6261 67.1745
424 76.4882 50.1919 11.7781 27.2587 66.4707 72.7413 69.3824
425 81.6738 55.3778 11.9559 35.3889 58.2136 64.6111 64.8935
426 69.7754 43.794 11.7573 25.6067 68.3955 74.1625 61.0819
427 74.166 47.8608 11.7917 27.4492 66.1089 72.5508 70.8352
428 80.6437 54.3429 11.9435 40.1419 52.4532 59.8581 61.7007
429 69.6297 43.6916 11.8673 21.8069 71.889 77.9503 61.3388
430 79.695 53.4029 12.0847 34.7918 59.055 65.1689 61.6611
431 83.4699 57.1825 12.0749 37.7696 55.6113 62.2304 64.0407
432 71.1061 44.8036 11.8502 31.2173 62.7505 68.7616 58.87
433 79.141 52.8587 12.0637 38.3879 53.7871 61.6121 61.7535
434 76.2741 49.9831 11.9823 32.216 59.7989 67.6161 62.0437
435 81.5985 55.2805 12.0267 35.8093 57.6839 64.1907 65.9625
436 75.5124 49.2161 11.7621 33.106 61.0048 66.8733 61.2545
437 80.4812 54.197 12.0985 36.3862 57.311 63.6138 64.1794
438 69.2578 42.9611 11.8863 24.2349 68.9107 75.6015 67.6762
439 85.6606 59.3777 12.1868 45.0403 49.2067 54.9597 58.3697
440 70.4874 44.2013 11.8074 28.9612 65.0094 71.0388 64.9739
441 79.8817 53.5748 11.9735 35.8297 57.9234 64.1703 63.3162
442 69.4267 43.2191 11.7711 23.3106 70.4688 76.547 67.3789
443 80.3652 54.061 11.9247 37.6698 53.7685 62.2935 70.1517
444 67.6444 42.3279 11.5096 24.5807 70.2196 75.0126 56.1957
445 82.3633 56.0516 11.9291 36.4396 56.9953 63.5604 66.0926
446 86.2273 59.9463 12.1221 41.1546 52.7982 58.8454 62.1436
447 84.2835 57.9731 11.9792 40.7258 53.2791 59.2558 61.3839
448 81.7844 55.4929 12.082 37.7894 56.1776 62.2106 58.2515
449 74.9211 49.0823 12.3409 31.5495 61.6336 68.2382 69.2605
450 72.3465 46.0431 11.9804 35.6279 58.4827 64.3721 61.1577
451 77.2924 51.0076 11.8185 34.5725 56.859 65.4275 68.3074
452 87.0689 60.769 12.2961 41.2914 49.8662 58.6071 65.9991
453 76.4761 51.1149 11.7133 32.6093 61.9325 67.0849 58.2593
454 82.8942 56.5922 11.9357 33.0469 60.5864 66.9531 69.8833
455 77.6155 51.3338 11.9659 32.6316 60.6657 67.3684 74.3113
456 71.8273 45.5156 11.9999 34.9816 58.411 64.8194 54.4451
457 76.3577 50.056 11.9961 36.1347 57.5841 63.8653 63.4651
458 86.2975 59.9975 12.269 46.7348 46.8346 53.2488 59.9291
459 75.7998 49.5049 11.9991 32.6613 59.3847 67.3387 67.3015
460 72.9101 46.5341 12.1059 36.6337 57.8439 63.3076 55.4453
461 74.8877 48.6325 11.7791 28.4735 65.1308 71.4201 67.9067
462 78.1715 51.8638 11.9755 36.9981 57.0448 62.9824 61.2871
463 78.3225 52.0221 11.9738 38.2846 55.208 61.7154 61.9735
464 72.5505 46.4489 11.9211 26.929 67.2535 72.9128 63.185
465 77.8485 51.542 11.9253 35.2156 58.5904 64.7844 69.0029
466 83.8853 57.6061 12.105 35.9963 57.3325 64.0037 68.1145
467 77.9907 51.6781 11.7569 29.7063 63.9202 70.2937 69.2453
468 57.1628 32.0548 11.6412 26.2842 68.6507 73.2756 41.6691
469 81.1508 54.8444 11.9569 32.2772 61.2793 67.7228 70.2286
470 80.6576 54.3631 12.0417 32.7042 61.1408 67.2958 68.6738
471 73.7749 47.4639 11.7515 31.7504 61.317 68.2496 66.8644
472 68.1612 42.256 12.0255 31.587 62.0915 68.204 56.2404
473 81.0575 54.7636 11.9775 38.4751 55.4388 61.5249 61.3595
474 76.3555 50.0401 11.8894 28.4852 64.1827 71.5148 73.0868
475 78.8593 52.5982 12.0892 31.8859 61.793 67.9455 60.2638
476 76.3403 50.0177 11.8422 30.4146 63.3344 69.5854 69.7623
477 83.7937 57.5099 11.9329 39.7091 53.9578 60.2909 67.9848
478 78.9162 52.6259 11.9652 34.1351 59.6731 65.8446 65.1865
479 73.2448 47.0448 11.9896 29.2274 64.8294 70.6411 62.9041
480 73.766 47.481 11.8254 32.9916 59.4135 67.0084 68.0727
481 77.3033 50.9823 12.0414 40.6753 53.0263 59.3063 59.2783
482 73.6095 47.3207 11.8661 32.9623 61.1855 67.0377 64.2864
483 81.3097 55.0861 12.3525 41.7753 52.1728 58.1165 58.4573
484 74.4653 48.1619 11.7841 29.8754 62.8962 70.1246 71.493
485 85.5167 59.2188 11.9469 39.3846 54.1653 60.6154 65.9429
486 84.9723 58.6875 12.2472 35.6522 57.7986 64.3478 69.7403
487 72.9853 46.6861 11.9091 26.2978 67.183 73.5194 66.708
488 80.3058 54.022 11.9989 37.7009 56.3075 62.2991 60.566
489 77.7103 51.4117 11.7868 30.9361 62.3361 69.0639 66.6402
490 83.9213 57.6303 12.1187 38.357 55.2915 61.643 62.9539
491 68.4078 42.0721 11.9111 24.4658 69.5658 75.2778 57.0248
492 83.9134 57.6158 11.9829 41.3697 52.6699 58.6303 61.7349
493 81.158 54.8577 11.8536 34.1967 59.3611 65.8033 69.3974
494 75.7436 49.6813 12.1524 25.8675 67.7875 74.0052 67.3308
495 65.9075 39.8394 11.6375 28.0353 66.5461 71.7272 58.041
496 91.6007 65.2975 12.7126 44.6671 49.3143 55.3329 61.025
497 76.9523 50.6446 12.8817 24.9851 64.4562 74.9926 79.8281
498 69.9251 43.6342 11.9306 26.4041 55.4645 73.1313 56.6819
499 81.1557 54.8596 12.3878 35.2451 58.3756 64.7549 67.3571
500 81.8056 55.5127 12.6673 32.9526 60.5187 67.0474 67.3624
501 81.3707 55.0877 13.0895 35.553 56.3425 64.4097 70.4236
502 70.5954 44.4353 11.998 30.6302 63.453 69.1126 45.4972
503 74.7416 48.464 11.9897 23.8239 69.3231 76.1761 74.3431
504 83.3707 57.0878 12.1976 36.2473 57.0486 63.7527 66.3931
505 72.2584 45.9628 11.8591 31.7589 61.9465 68.17 60.8322
506 61.4576 36.9951 11.2473 21.5378 73.5048 77.8323 50.9841
507 85.2608 58.9738 12.1289 44.0457 49.5623 55.9087 59.3376
508 76.2261 49.9405 12.0175 31.4047 62.4077 68.5953 64.1073
509 78.532 52.2175 12.037 45.7328 48.2467 54.2672 56.0206
510 70.2898 44.2641 11.802 27.7283 66.2207 71.94 54.5684
511 74.8499 48.5685 11.8284 34.4212 59.3421 65.5788 63.6992
512 75.0909 48.7923 11.8666 30.7459 62.567 69.2331 72.5056
513 75.4585 49.3783 11.8938 31.7887 62.3702 68.1061 61.008
514 78.9051 52.6498 11.8839 36.7574 57.1602 63.1318 61.2407
515 76.0781 49.7802 11.8872 35.922 56.4362 64.078 62.0017
516 77.9579 51.6569 11.8598 28.1201 57.4849 71.8799 81.3561
517 70.8982 44.9329 11.8721 33.5871 59.8006 66.3321 57.8109
518 66.9288 41.5632 11.6026 31.5008 63.3799 68.1618 50.7163
519 88.4678 62.1706 12.2181 44.8991 48.673 55.0852 65.0784
520 80.495 54.2029 11.8388 35.4849 58.4 64.5151 67.0824
521 73.1882 46.8992 12.1961 27.4303 65.3624 72.368 62.9688
522 69.7545 43.4603 12.4521 31.4047 62.5744 68.5136 64.2957
523 85.1768 58.9119 12.452 40.1319 53.1508 59.8399 63.2443
524 76.0143 49.7574 11.7776 26.1316 62.3739 73.8684 75.854
525 59.9492 33.7087 11.1465 16.4479 67.6016 82.6796 55.6459
526 75.7712 49.5166 12.5301 38.7216 55.2078 61.2784 63.9336
527 80.5996 54.3377 13.1762 39.9707 53.4116 60.0293 63.4522
528 77.0024 50.7444 13.0559 37.7171 56.1802 62.2829 61.8883
529 70.0526 43.7948 11.8644 23.4056 69.6651 76.3109 67.8869
530 73.3794 47.1143 11.7475 32.1109 62.036 67.8322 61.6879
531 75.7238 49.4087 11.9024 36.0223 57.6181 63.9777 68.6327
532 85.4962 59.2141 12.0806 42.4776 51.4637 57.5224 63.666
533 70.6537 44.4734 12.0202 25.5655 67.8745 74.2733 64.7937
534 79.0623 52.7793 11.8565 33.6212 58.6414 66.3788 69.0976
535 79.4184 53.1545 11.8345 30.4253 59.6175 69.5747 75.8377
536 60.0997 34.0169 11.4642 20.9088 72.6822 78.5605 53.0287
537 61.7996 37.5334 11.0117 27.4959 67.3586 72.0958 49.0903
538 80.5459 54.2584 12.0082 42.5617 51.6652 57.4205 58.458
539 79.5691 53.289 11.9059 36.0555 57.7562 63.9445 64.0667
540 83.3437 57.0452 12.0948 33.8695 59.7635 66.1305 69.8982
541 71.6618 45.4639 11.9112 29.4538 64.7555 70.4151 61.4131
542 83.5574 57.2635 12.0768 40.3525 53.3502 59.6475 68.2955
543 73.9274 47.6356 11.9029 30.8883 61.2314 69.1117 68.59
544 80.6183 54.3321 12.2149 41.8336 52.0448 58.15 60.4972
545 69.9305 43.6803 11.9092 26.6966 66.5935 72.9353 66.1199
546 74.5574 48.3097 12.0112 36.403 57.525 63.597 62.2311
547 81.0005 54.7336 12.0914 33.0658 60.4098 66.9342 73.335
548 75.3101 49.3278 11.8935 32.8953 60.7944 66.7117 51.474
549 75.4474 49.2005 13.017 34.5542 59.359 65.4458 65.9694
550 79.6863 53.4278 12.735 34.7585 58.9593 65.1899 65.0886
551 83.4274 57.1565 11.9654 40.4313 52.8231 59.5509 66.7305
552 74.1084 48.971 12.1069 39.2175 55.9894 60.7273 49.3997
553 55.5513 33.4618 10.9158 19.506 76.9356 79.4652 43.9474
554 79.4854 53.2099 11.9468 38.9857 53.1522 60.9606 62.7817
555 83.7865 57.5052 12.0581 39.5924 53.7469 60.3584 67.5881
556 65.8037 40.6658 11.5933 23.7807 71.4622 75.7375 56.8603
557 85.7888 59.4842 12.1655 47.7322 46.2645 52.2678 58.9735
558 81.6887 55.4296 12.0195 35.3865 58.0386 64.5936 70.6975
559 73.188 46.8974 11.8554 31.4692 62.6861 68.5308 62.4662
560 73.3591 47.1834 11.992 31.4382 62.5617 68.2263 55.034
561 75.216 48.9419 11.8422 29.7571 63.9756 70.2429 68.5693
562 80.6006 54.2972 11.9592 35.8765 57.8739 64.1235 69.2761
563 89.3917 63.1234 13.1229 47.4389 46.0321 52.5305 60.4806
564 67.2182 41.1188 12.062 19.4522 73.3341 80.0111 57.8023
565 78.1408 51.8675 11.7047 28.3692 65.0451 71.6105 69.2955
566 76.5421 50.2868 12.2079 34.2593 59.5635 65.7205 59.852
567 81.5876 55.3021 12.4882 37.0247 56.386 62.9107 63.9936
568 36.7979 10.5509 9.53777 1.26765 89.421 96.89 20.7007
569 72.6353 47.7791 11.5117 30.4337 64.1977 69.2819 57.7255
570 82.2567 55.9836 12.0473 38.0359 56.0269 61.9461 60.9977
571 80.5599 54.2762 12.4689 32.7966 60.6992 67.1875 67.9088
